32
23 14 13 18 19 5 15 8 21 22 1 27 20 26 32 3 12 30 4 7 17 11 10 6 9 16 2 28 29 25 31 24 
6 3 2 13 1 28 20 21 15 11 25 30 18 4 10 23 27 29 14 19 17 5 22 16 7 24 32 31 12 26 8 9 
2 13 25 27 22 31 10 8 16 23 28 26 15 4 24 21 17 6 19 20 9 3 7 12 11 29 30 14 18 1 32 5 
28 7 13 31 20 12 14 16 29 22 3 24 8 21 26 5 10 6 27 23 11 18 19 25 32 2 9 1 4 30 17 15 
25 19 10 13 24 1 2 28 7 21 8 14 12 18 27 15 4 23 6 22 16 29 30 31 5 20 3 26 32 11 9 17 
25 24 5 26 21 1 22 14 20 18 23 8 29 12 31 32 16 19 30 11 2 6 9 4 10 17 15 28 13 27 3 7 
11 15 27 9 25 4 16 12 31 28 10 26 6 8 7 23 3 2 14 1 24 19 18 13 20 32 30 22 17 21 29 5 
30 10 24 7 13 3 18 26 28 31 16 6 2 17 8 4 27 11 23 19 22 15 32 5 20 1 9 29 14 12 25 21 
18 11 19 26 10 4 12 20 23 31 1 14 3 30 9 29 5 24 2 25 21 8 27 28 16 17 32 6 13 7 15 22 
22 31 7 3 11 19 16 9 25 20 14 8 32 18 23 26 13 4 29 10 27 30 24 21 17 5 1 15 6 12 28 2 
21 17 24 27 11 15 13 8 6 5 26 2 32 25 7 23 16 18 4 1 9 28 10 22 29 12 30 31 20 19 3 14 
2 21 11 30 31 29 7 5 25 9 3 12 10 18 32 23 19 26 14 27 17 24 13 6 15 22 16 20 28 8 1 4 
9 31 14 8 29 5 32 16 12 28 11 1 15 2 17 30 7 4 20 10 25 13 6 21 24 27 22 19 26 18 23 3 
19 1 8 9 32 26 20 16 22 27 23 3 31 6 18 12 30 13 10 25 15 17 14 5 29 4 2 11 7 21 28 24 
10 9 29 26 6 20 22 5 31 24 7 16 11 21 28 15 18 1 3 17 23 27 4 2 30 19 8 25 14 12 13 32 
22 9 30 2 19 16 14 31 25 23 4 15 29 6 28 10 18 20 1 7 17 11 26 32 3 5 27 12 21 24 8 13 
21 32 29 23 18 10 26 19 4 6 16 20 8 30 3 31 2 7 15 12 11 1 25 28 27 14 22 24 17 5 13 9 
10 14 28 7 17 6 1 21 2 20 18 19 16 13 31 32 15 25 11 9 23 26 4 5 8 27 24 3 22 30 12 29 
22 17 3 19 14 6 30 28 21 29 24 13 25 8 12 2 20 32 23 10 16 4 5 26 18 9 31 15 27 11 1 7 
4 32 16 22 2 9 8 13 19 23 5 31 1 11 6 25 24 27 20 7 26 14 10 18 3 30 28 12 17 21 29 15 
8 30 18 3 16 17 14 21 10 22 28 7 25 20 5 24 9 32 1 4 31 26 6 11 13 27 19 29 15 2 23 12 
10 21 22 8 17 9 26 1 31 16 20 23 15 4 19 12 18 6 2 5 24 11 29 30 3 13 7 27 32 25 14 28 
19 14 11 10 8 16 25 20 23 3 17 32 22 2 4 6 7 26 29 21 1 27 28 30 5 31 24 13 15 9 18 12 
9 29 16 21 18 30 20 4 17 31 11 7 3 32 6 5 8 25 28 13 24 19 1 27 15 14 10 22 2 23 12 26 
19 21 28 4 10 3 11 1 5 26 6 24 22 2 9 13 23 30 16 20 32 7 25 8 31 18 15 14 29 12 27 17 
17 9 20 3 23 14 10 15 18 27 8 2 31 28 29 30 26 5 6 22 1 19 4 16 32 21 11 13 25 12 24 7 
15 2 32 10 14 12 18 13 31 11 25 28 9 8 16 23 29 30 3 1 27 5 7 22 4 24 17 19 20 26 21 6 
31 25 12 23 28 24 5 3 2 21 9 29 32 27 1 10 15 17 8 26 7 22 20 30 4 14 13 6 19 18 11 16 
6 15 20 23 8 18 22 32 27 13 4 26 21 14 2 31 5 1 19 29 11 30 7 28 16 17 9 12 25 10 24 3 
12 27 18 1 30 25 29 5 9 7 11 31 21 14 10 20 15 28 8 16 24 23 6 4 26 32 13 19 22 3 2 17 
11 10 6 32 14 28 27 16 1 29 15 19 26 20 8 21 9 24 12 18 31 2 25 13 3 30 17 7 4 23 5 22 
26 32 8 1 24 2 25 16 22 20 10 6 14 4 7 17 13 23 11 27 29 21 3 28 18 5 30 31 19 9 15 12 
17 14 24 9 12 21 16 19 6 5 29 4 7 13 10 8 31 15 25 2 11 18 27 28 26 23 32 3 20 30 22 1 
19 5 7 1 13 10 2 12 21 20 8 16 23 29 25 32 28 17 27 14 4 9 3 24 6 18 11 15 30 26 31 22 
19 22 12 7 18 3 14 16 4 25 28 24 11 30 6 15 23 29 13 20 9 32 1 27 2 17 31 21 26 10 8 5 
1 18 27 16 3 28 13 11 9 2 23 7 20 4 21 14 6 12 15 29 32 17 22 31 5 19 25 8 30 24 26 10 
25 17 32 11 21 10 6 4 28 5 23 3 16 15 19 22 27 13 9 29 26 14 1 12 18 30 7 24 20 2 8 31 
17 7 19 15 31 9 18 16 21 23 8 32 13 1 2 22 10 14 20 29 4 24 5 28 25 30 26 12 6 11 27 3 
15 31 6 29 18 23 24 1 28 9 27 19 20 17 16 14 32 26 10 5 3 21 7 4 30 12 11 22 8 13 25 2 
13 3 12 24 2 25 5 20 31 7 27 14 29 8 6 30 26 19 15 10 21 4 22 11 1 17 32 23 16 28 18 9 
6 2 12 24 14 19 26 5 10 9 31 28 30 21 8 32 25 15 7 27 22 1 13 20 23 4 11 29 16 18 17 3 
28 6 1 22 24 14 31 30 18 2 4 29 9 13 21 8 26 10 19 32 12 20 27 15 17 16 25 7 5 11 23 3 
8 28 31 22 30 29 24 23 7 26 19 20 2 10 18 25 17 3 1 4 32 9 12 27 6 11 5 14 13 16 21 15 
32 5 21 31 26 11 12 3 16 1 19 9 4 29 28 14 23 13 24 6 18 20 10 22 17 15 27 30 2 8 7 25 
32 15 30 3 28 29 11 26 20 27 24 10 8 16 12 5 9 2 19 14 25 4 6 17 13 18 23 22 7 21 1 31 
18 4 3 11 15 16 13 31 1 7 12 26 5 17 30 23 8 6 19 21 32 22 28 14 10 2 29 20 25 24 9 27 
15 5 31 1 7 21 14 19 9 20 23 13 30 2 11 27 22 12 3 24 6 8 29 32 25 17 10 18 16 26 28 4 
12 3 19 2 13 14 7 15 16 8 22 9 6 20 29 1 23 27 18 24 17 4 32 31 21 26 28 10 5 30 11 25 
24 1 12 16 32 21 2 8 3 28 30 26 5 29 20 6 15 23 17 7 13 19 31 9 27 22 10 25 4 14 11 18 
3 5 16 13 27 23 26 28 32 2 15 20 21 30 11 10 22 25 29 1 18 17 24 19 8 9 7 12 4 14 6 31 
4 5 6 12 1 26 14 2 27 13 30 15 10 23 32 22 3 19 21 24 25 31 29 7 8 28 20 17 9 11 16 18 
3 11 15 14 16 32 29 27 9 2 10 7 8 31 1 19 25 12 20 22 24 17 6 23 30 28 18 13 26 4 5 21 
26 19 29 13 8 9 7 1 31 10 32 16 3 18 30 12 20 23 15 6 11 22 17 24 27 14 4 25 21 2 5 28 
13 23 20 5 28 3 10 25 31 15 22 30 19 14 24 9 6 26 1 8 17 4 32 11 2 12 21 27 16 18 29 7 
9 24 25 30 12 19 5 26 27 32 1 8 17 14 10 13 2 28 6 31 4 11 20 3 22 15 29 18 7 16 21 23 
28 4 21 12 26 7 16 11 1 32 25 18 20 29 3 2 22 31 14 8 13 17 9 5 23 19 6 15 24 27 10 30 
6 3 22 28 19 1 9 31 23 12 15 2 16 5 7 11 13 26 30 14 24 32 4 10 29 17 21 18 20 25 8 27 
11 7 13 1 17 9 22 2 30 25 20 16 23 24 3 5 14 12 6 21 29 26 32 10 15 28 4 27 8 18 31 19 
15 23 32 27 6 16 20 29 22 17 31 1 19 5 3 30 4 11 28 18 7 12 24 25 26 21 13 9 2 8 10 14 
21 10 23 3 32 4 2 15 28 31 13 19 11 12 27 1 18 14 9 22 17 6 7 8 29 20 25 5 30 16 26 24 
29 10 4 25 22 24 21 32 19 23 15 11 6 14 8 30 18 20 3 2 16 27 7 17 13 5 31 26 9 12 28 1 
27 6 7 5 10 18 12 4 19 2 16 20 22 25 11 17 13 30 29 28 31 15 3 9 8 24 1 23 26 21 32 14 
22 6 10 11 21 19 24 31 5 30 14 28 7 1 18 15 16 2 9 4 32 12 29 13 3 23 25 27 17 20 26 8 
8 26 22 11 27 18 5 30 16 31 1 14 4 13 6 17 10 20 29 25 9 21 32 2 15 23 3 12 28 7 19 24 
