64
11 57 30 2 62 63 37 6 21 33 7 52 27 10 23 34 26 45 1 54 46 42 29 22 32 39 24 4 13 48 5 16 47 36 20 17 44 35 43 25 61 28 15 49 56 41 55 14 38 8 9 53 31 60 40 51 64 59 19 50 12 58 18 3 
10 46 26 63 30 59 14 34 51 64 15 12 6 36 23 32 22 43 61 17 28 50 4 42 40 47 39 52 55 62 24 48 58 11 9 20 25 56 49 37 44 60 8 29 31 35 45 21 19 3 27 33 7 53 38 54 57 16 13 41 1 18 5 2 
31 38 48 29 17 55 64 32 56 7 35 26 60 54 40 53 13 34 33 15 58 4 1 59 28 36 14 45 43 8 25 57 23 11 47 5 49 30 46 18 37 27 51 61 50 44 22 3 52 24 2 16 10 9 41 63 21 12 20 6 42 62 39 19 
16 42 38 36 11 5 23 28 12 9 35 49 56 39 48 40 25 2 51 6 54 34 57 55 59 63 61 4 20 52 30 45 1 33 58 19 22 8 26 32 7 15 47 37 64 21 62 60 43 14 3 41 46 50 17 29 10 18 13 27 44 53 31 24 
42 27 19 57 59 6 62 31 37 14 21 43 30 47 56 49 41 44 58 10 64 51 18 55 32 20 29 36 45 54 33 26 53 50 5 13 22 46 15 35 28 17 4 24 16 60 34 2 63 25 12 40 9 11 38 61 3 7 48 8 52 23 39 1 
61 48 40 3 38 43 5 37 15 33 50 49 42 54 62 29 34 17 23 46 47 63 57 39 18 14 41 59 53 11 22 4 21 1 28 45 58 35 2 31 20 26 32 51 9 13 10 36 25 27 16 7 55 44 52 19 24 60 56 6 64 30 8 12 
31 6 27 50 16 10 45 52 3 2 9 46 11 29 7 62 63 49 12 40 15 60 5 24 42 41 36 35 39 8 43 56 19 25 59 33 21 37 1 18 32 38 14 58 17 30 54 22 51 23 20 47 61 64 55 26 4 28 48 44 57 34 53 13 
39 53 11 21 49 8 64 58 42 50 27 45 54 18 33 57 20 59 35 60 31 47 4 23 29 17 37 6 36 56 51 32 63 25 16 14 13 34 26 24 12 41 5 44 38 40 15 28 19 2 43 62 7 52 1 22 46 9 10 61 3 55 30 48 
41 19 5 10 26 36 43 6 63 51 9 30 31 40 64 14 13 33 38 22 58 20 7 24 3 45 23 17 52 27 21 37 4 1 42 25 55 50 16 59 47 34 15 35 2 28 39 54 12 60 32 11 29 61 56 18 46 53 44 49 48 62 8 57 
22 60 61 12 64 20 36 45 27 51 41 53 5 47 17 56 11 28 1 50 34 3 16 40 59 37 54 10 7 42 58 6 26 21 19 39 31 9 25 30 35 33 29 24 4 55 14 46 13 44 57 52 32 23 18 62 49 15 2 43 63 8 48 38 
37 27 18 17 63 1 5 33 47 26 29 31 13 50 15 25 6 64 20 55 53 44 7 9 49 58 30 21 56 48 40 10 54 19 22 3 2 41 61 34 12 57 43 28 35 14 62 45 52 36 38 32 42 39 16 46 24 23 60 59 8 51 11 4 
4 38 45 44 36 42 19 22 9 12 30 31 53 7 49 11 56 59 62 21 32 24 34 60 57 27 13 64 55 23 63 35 20 54 52 16 46 10 25 50 6 28 51 47 41 26 15 5 29 58 2 48 43 1 3 17 39 61 40 14 37 33 18 8 
45 52 15 37 48 43 63 49 1 57 29 44 19 41 7 23 47 11 55 12 27 13 32 33 36 46 42 39 34 17 64 6 61 35 58 20 30 9 26 21 28 54 16 60 51 59 40 62 2 14 24 8 4 10 50 3 25 56 22 18 38 31 5 53 
2 1 29 51 16 44 37 55 36 12 7 40 60 25 41 10 63 33 53 30 35 39 19 64 57 62 9 5 43 3 17 45 13 50 20 15 26 54 52 31 28 27 32 23 18 21 61 4 46 8 34 22 38 47 59 14 24 11 49 48 42 58 56 6 
55 38 8 14 2 12 1 28 64 45 44 41 60 63 6 25 27 48 36 13 46 52 16 21 29 15 39 5 61 51 58 9 17 43 31 56 42 26 40 19 11 22 24 54 62 7 4 53 20 49 50 47 37 33 32 23 34 18 59 57 10 3 30 35 
16 20 24 10 28 13 6 21 41 36 63 11 18 51 40 26 17 14 35 53 15 49 2 62 38 64 5 7 30 54 59 45 12 60 31 3 25 37 27 55 22 39 42 19 43 44 23 58 33 46 32 47 50 61 29 34 4 48 52 56 9 8 57 1 
13 12 38 57 5 1 3 25 56 33 22 53 6 16 28 40 24 39 35 14 46 55 49 43 60 37 41 31 44 19 63 8 17 2 59 9 48 50 7 32 10 54 62 52 61 20 51 45 26 23 11 15 30 18 47 64 58 42 29 36 34 4 27 21 
24 53 8 35 43 45 37 62 33 13 5 22 12 42 40 48 11 34 61 10 59 27 47 30 31 9 41 25 56 60 4 32 15 44 16 14 64 6 52 28 2 29 1 3 18 20 39 55 38 54 26 51 58 49 36 19 46 57 21 17 50 63 23 7 
58 10 19 38 8 11 60 17 6 62 46 57 63 21 18 5 22 13 3 53 61 25 24 45 48 14 49 40 43 37 59 20 30 28 7 52 31 54 41 39 35 36 55 2 42 4 16 26 12 23 44 15 32 1 51 50 29 47 33 9 56 27 64 34 
3 18 2 8 34 5 38 22 44 32 9 61 63 37 20 21 41 64 62 16 11 58 29 4 23 60 1 13 26 28 57 51 45 36 54 27 53 59 42 46 52 40 31 50 33 7 15 35 19 6 25 43 49 24 39 48 56 30 17 12 47 14 55 10 
30 44 61 49 33 8 56 2 7 48 51 39 59 45 62 29 12 37 13 27 41 60 16 32 54 53 58 38 18 28 46 11 6 34 17 10 21 1 25 43 15 3 22 31 4 36 40 47 55 14 50 26 64 57 63 52 19 24 42 35 9 20 23 5 
27 28 46 53 24 59 2 47 15 43 50 35 9 8 21 26 48 17 30 64 18 10 42 7 36 22 33 31 44 3 56 55 11 12 19 29 63 62 39 45 38 16 58 49 37 25 1 41 54 32 34 6 61 23 51 40 60 5 13 57 4 14 52 20 
38 60 36 46 50 7 22 39 54 29 47 56 48 33 21 34 2 24 10 28 63 49 57 52 23 64 61 44 13 6 59 31 12 4 53 51 25 41 14 5 58 62 43 1 40 32 45 26 15 11 20 35 3 19 17 16 9 37 55 42 18 8 27 30 
17 3 47 15 13 43 46 54 5 33 58 56 9 42 60 52 50 22 39 64 18 37 61 16 21 51 30 63 4 11 12 41 8 49 26 27 53 45 55 29 2 57 14 1 44 48 62 32 34 6 38 25 31 19 7 10 36 40 24 35 59 20 28 23 
41 48 5 53 7 35 12 63 57 15 56 25 64 13 38 30 34 54 58 28 14 45 19 29 32 36 18 16 52 27 46 2 37 11 47 24 49 1 40 26 55 44 21 17 42 20 43 62 39 9 59 4 50 10 61 51 8 22 6 33 31 23 3 60 
47 26 5 20 22 46 8 62 64 37 56 27 42 31 16 59 60 51 52 50 25 40 15 41 49 53 2 28 33 12 44 57 9 21 58 61 19 54 30 35 14 1 23 48 39 32 38 43 11 24 7 34 63 4 55 6 3 13 10 36 18 45 29 17 
25 6 8 35 38 39 51 26 45 4 9 59 52 54 60 21 7 14 61 30 22 37 34 18 16 23 55 32 5 57 31 53 3 15 47 58 49 28 63 17 19 27 48 41 1 10 64 43 44 24 46 40 33 29 50 62 12 11 36 56 42 2 13 20 
3 4 30 61 9 46 43 53 6 26 17 42 60 1 8 33 31 64 22 29 52 56 59 12 14 58 2 11 35 32 16 23 63 51 24 13 7 55 49 41 62 39 34 25 27 44 19 37 57 40 48 47 15 36 50 28 18 21 20 10 38 45 5 54 
61 63 45 7 19 62 1 37 46 11 59 2 3 21 25 22 42 26 33 5 18 20 55 56 36 38 13 8 4 48 30 29 49 9 51 16 32 6 52 27 23 17 31 54 24 15 28 14 41 39 60 58 35 43 47 12 64 57 34 44 50 10 53 40 
33 57 62 18 47 8 29 61 60 56 21 36 45 6 14 34 58 23 53 52 40 59 25 4 41 30 64 27 24 5 12 50 46 42 22 19 39 44 43 32 11 51 20 17 1 16 28 13 48 63 35 54 15 55 10 49 2 3 31 9 7 26 38 37 
29 25 30 26 21 35 13 59 54 48 44 57 38 49 12 36 43 47 1 42 24 31 37 15 10 63 16 23 4 60 45 17 41 27 46 9 62 32 39 55 56 50 8 58 33 52 2 64 53 28 51 40 5 18 11 20 3 7 14 61 6 22 34 19 
27 34 38 48 43 19 42 10 57 32 63 15 18 20 28 56 50 22 31 62 64 58 61 3 55 23 37 24 4 11 39 16 9 7 52 6 59 26 47 41 45 54 17 8 44 1 49 14 2 40 30 46 33 29 53 13 36 25 21 5 35 60 12 51 
36 48 6 64 58 47 30 63 31 28 27 7 2 3 59 44 50 37 23 61 39 49 56 40 15 9 60 57 22 18 5 1 42 24 16 52 33 41 8 29 17 13 43 55 53 26 38 4 20 54 19 21 51 34 35 32 25 45 10 14 62 11 12 46 
13 39 60 48 47 32 41 38 14 33 1 61 58 20 3 40 23 43 51 11 8 27 10 7 24 54 16 6 50 45 26 31 28 19 36 52 64 62 49 57 46 44 9 2 35 53 5 34 15 22 21 37 42 55 63 29 4 12 59 18 17 30 56 25 
19 21 63 22 54 35 43 5 23 38 28 60 9 48 55 17 27 41 25 44 51 58 59 33 8 7 53 45 47 13 20 29 6 12 52 31 61 14 37 64 49 1 16 57 62 4 36 34 30 11 15 10 3 50 24 46 32 18 26 2 42 56 39 40 
13 29 3 53 30 14 55 31 25 58 52 34 17 39 36 49 35 28 48 9 51 6 5 24 8 45 41 40 38 20 64 4 63 56 19 60 23 33 27 42 59 22 21 37 16 1 50 62 12 10 18 54 32 47 2 57 43 15 26 61 46 11 7 44 
34 14 5 37 9 58 57 16 4 50 15 48 23 22 12 10 26 63 45 7 52 53 13 25 43 3 51 19 42 64 2 61 36 35 1 40 31 21 60 39 62 33 27 47 49 20 11 29 56 6 59 44 55 41 28 17 46 8 32 24 18 54 30 38 
50 3 25 30 13 27 63 28 18 40 36 15 37 2 5 29 49 44 45 22 33 17 32 53 64 4 8 47 38 55 6 43 12 34 39 54 62 7 58 61 23 41 46 16 19 26 10 9 14 56 24 51 59 31 52 48 20 11 42 35 60 21 1 57 
16 48 54 38 43 27 41 56 11 53 22 63 9 6 32 29 3 37 19 20 28 61 42 30 40 21 26 47 50 18 33 52 35 8 62 7 24 17 46 60 57 12 64 5 39 51 14 4 59 49 2 34 25 1 36 15 23 55 10 13 45 44 58 31 
7 34 33 19 24 61 44 52 11 41 20 31 29 37 51 18 30 42 10 46 36 60 53 3 50 54 16 6 32 55 58 12 27 25 39 49 4 48 8 35 43 38 14 63 21 5 9 17 26 57 56 15 62 28 47 59 1 13 40 45 64 22 23 2 
30 46 9 38 11 22 16 54 53 8 35 5 13 17 63 58 27 23 2 32 29 26 3 64 41 10 18 44 25 43 37 33 56 45 14 24 51 62 39 49 20 57 48 15 31 1 21 42 34 52 61 55 7 12 60 28 59 19 47 36 6 40 50 4 
39 4 23 11 38 59 49 15 63 34 46 21 5 32 42 58 54 52 12 64 24 56 8 55 44 3 10 22 7 18 57 1 14 28 2 51 31 30 37 29 20 45 13 47 25 61 62 19 27 50 48 40 33 17 26 16 60 36 9 6 53 41 35 43 
48 19 62 3 58 53 63 36 59 22 61 51 42 54 39 8 35 28 11 23 25 7 46 57 31 52 26 55 45 43 15 64 37 27 40 49 16 4 20 6 34 30 50 60 14 21 12 33 18 56 13 38 1 2 9 32 10 17 24 29 44 5 41 47 
48 41 16 63 58 27 13 30 57 51 56 60 23 46 2 38 22 45 24 14 39 47 64 59 61 62 17 50 26 34 19 11 42 33 36 5 10 55 53 44 8 12 6 29 54 18 21 28 4 3 1 49 37 31 7 40 32 52 15 43 25 9 20 35 
61 23 13 51 29 37 11 55 9 5 35 19 46 15 59 41 18 60 33 42 7 32 63 64 12 4 20 21 30 28 17 26 40 14 8 22 47 25 10 16 56 48 24 2 53 31 49 6 62 58 39 44 34 1 3 57 43 54 52 36 50 27 38 45 
19 41 57 61 38 53 40 37 46 32 5 17 51 33 54 58 2 8 7 62 36 45 10 42 23 15 47 55 9 4 12 22 20 39 60 21 13 31 29 14 50 49 18 3 56 44 48 63 1 26 64 27 35 59 16 25 43 6 30 34 11 52 28 24 
22 55 40 60 25 45 29 28 39 31 8 53 12 34 36 33 46 1 49 41 11 32 30 62 48 51 27 64 5 35 10 24 38 63 42 17 13 3 37 14 19 16 4 21 15 56 50 20 52 47 7 23 18 43 6 57 2 54 58 44 59 26 61 9 
10 39 33 15 9 45 25 50 61 2 17 55 11 18 1 58 30 27 19 62 44 47 36 32 48 21 41 64 26 43 14 23 54 20 28 4 8 63 37 60 53 51 35 34 59 46 57 7 52 16 12 38 49 5 6 29 42 31 3 40 22 56 24 13 
8 28 35 11 48 62 57 38 52 33 42 34 23 39 54 19 49 15 9 13 24 59 4 29 21 44 32 56 27 26 22 64 7 60 36 30 10 1 2 55 3 17 43 53 61 25 58 50 47 63 16 5 45 51 40 46 12 6 14 41 31 18 37 20 
21 53 10 59 25 43 15 61 39 1 41 36 14 46 22 64 62 9 54 40 51 16 37 55 26 7 4 63 5 49 44 52 18 20 11 8 58 2 24 34 31 47 50 42 17 38 13 29 45 60 33 27 19 32 12 56 48 6 3 57 28 23 30 35 
3 43 1 35 2 11 32 27 23 55 59 50 34 46 29 20 6 8 17 16 18 56 49 31 36 12 22 61 63 28 60 5 7 64 4 25 21 52 33 53 30 14 45 54 26 9 40 38 51 15 37 48 57 41 44 58 10 24 19 13 47 39 42 62 
34 10 22 2 5 3 51 42 12 37 33 43 61 19 32 48 18 58 38 15 53 1 28 26 62 4 30 54 9 11 41 45 13 47 31 24 64 16 29 49 6 7 46 23 39 56 20 57 55 52 17 8 21 59 63 14 60 44 35 40 50 25 27 36 
52 28 29 32 8 40 57 56 25 12 13 38 43 42 53 39 4 50 46 20 48 64 11 24 21 34 36 49 33 10 55 54 63 60 22 17 18 37 51 9 6 59 35 1 15 31 14 2 30 7 45 27 47 16 61 3 41 58 26 23 5 19 62 44 
5 56 31 22 6 53 51 47 7 60 61 24 43 10 46 20 64 44 29 40 39 19 2 50 42 8 3 26 1 15 52 49 34 58 36 55 62 54 30 17 14 27 28 38 33 21 63 25 59 37 16 32 35 57 4 48 23 13 9 12 18 45 11 41 
33 54 19 57 22 43 44 61 47 34 20 41 49 15 28 35 60 59 11 50 6 23 51 29 25 38 64 26 56 18 1 21 39 5 2 27 3 8 46 24 63 42 9 40 36 14 55 17 32 52 53 13 58 31 7 62 30 45 16 10 4 48 37 12 
46 49 19 62 60 33 37 36 13 6 48 1 30 27 5 53 52 31 26 2 57 64 14 42 20 24 15 25 7 23 21 56 28 34 29 12 10 54 8 58 61 18 32 9 40 43 59 44 55 17 16 22 39 11 3 63 51 38 41 4 45 35 47 50 
32 50 60 61 9 62 7 12 44 1 37 30 15 41 23 49 10 21 63 58 24 39 40 5 56 47 54 2 19 16 36 8 18 38 22 6 29 31 59 17 46 64 34 57 13 14 45 28 11 43 27 33 25 48 3 53 26 52 51 4 55 42 20 35 
34 35 17 19 63 54 41 16 14 5 60 23 13 42 8 49 51 2 15 64 57 4 58 45 48 61 6 37 12 50 10 33 27 44 20 31 7 52 62 28 11 40 47 56 29 39 1 21 9 30 43 22 46 32 59 36 18 3 38 53 55 26 24 25 
58 26 5 12 48 32 25 45 16 33 14 59 52 37 46 49 1 41 29 64 6 23 9 54 40 47 19 20 57 55 42 21 30 39 2 34 8 60 43 61 7 17 51 10 4 50 15 44 27 38 35 63 24 18 3 62 56 13 36 22 11 53 28 31 
53 60 44 55 49 32 56 31 23 38 7 30 40 9 54 5 50 19 10 33 43 45 52 26 13 18 39 51 14 12 41 15 57 21 29 16 24 37 59 17 34 8 25 28 48 4 42 1 20 62 61 58 2 27 46 11 35 63 36 22 3 6 47 64 
19 47 34 52 18 57 46 45 64 13 37 26 21 41 60 48 16 22 28 33 14 39 50 5 32 15 59 25 58 62 36 61 6 49 30 24 4 51 10 20 17 40 7 53 3 43 31 8 27 63 54 23 44 12 56 35 55 29 1 38 11 42 2 9 
27 47 41 56 23 59 25 9 40 15 62 52 44 63 28 22 35 32 43 53 42 33 3 18 50 14 46 64 54 2 5 29 17 61 6 21 24 34 7 1 48 8 4 57 37 39 12 26 51 13 45 11 30 19 16 58 55 10 60 49 36 20 31 38 
47 40 63 22 10 21 18 43 59 25 3 15 19 52 54 12 55 49 37 17 53 11 31 26 1 8 29 39 50 23 35 34 16 41 56 48 6 24 58 62 32 44 13 61 30 57 42 20 60 2 64 33 36 38 5 14 9 7 28 4 51 46 27 45 
6 25 38 47 63 32 41 12 20 55 62 15 11 3 9 36 5 48 13 33 43 16 1 45 56 4 52 64 28 50 40 24 30 19 2 8 61 46 39 37 18 22 10 49 60 27 58 31 29 44 42 34 14 53 57 26 54 7 35 23 59 51 21 17 
58 51 40 60 15 11 52 34 37 21 61 2 25 7 63 22 59 44 35 1 50 19 33 24 18 20 41 36 43 27 46 30 32 64 54 3 47 55 38 39 45 12 31 26 48 16 62 57 56 9 42 49 28 14 17 10 5 6 4 23 29 13 53 8 
43 2 34 7 28 10 30 55 47 36 18 56 63 54 49 37 33 41 46 64 21 4 9 53 20 60 39 61 26 25 40 15 16 51 17 23 14 19 45 6 27 5 44 8 12 58 24 50 11 22 57 48 35 52 31 62 59 38 32 42 3 13 29 1 
38 41 58 34 13 14 44 42 10 7 1 15 24 37 54 35 46 28 60 18 43 52 53 49 27 30 4 33 40 39 12 19 63 56 45 9 62 17 55 36 6 59 22 48 8 11 29 5 23 61 21 2 16 32 31 25 57 51 47 64 20 50 3 26 
17 39 12 61 4 1 38 35 48 57 37 15 23 30 21 13 64 62 63 6 44 3 8 54 19 46 16 40 26 56 43 59 51 55 27 14 22 36 53 10 42 45 9 24 5 11 49 60 29 25 47 33 32 2 18 7 41 20 52 50 58 34 28 31 
18 4 25 9 40 16 13 30 6 7 2 62 49 3 5 23 12 22 55 53 10 51 1 64 20 34 48 47 38 8 24 31 32 35 39 37 42 52 45 15 29 50 60 56 43 17 11 44 26 46 27 41 54 19 61 21 58 57 33 63 36 14 59 28 
44 38 45 29 33 50 3 53 62 55 59 10 61 39 64 17 60 19 58 20 49 51 36 46 30 5 1 9 34 63 22 43 14 18 23 27 16 32 54 7 42 47 40 12 24 26 6 35 8 2 4 15 13 31 41 21 57 48 56 37 28 11 25 52 
23 36 5 48 14 15 6 33 54 1 2 20 24 41 34 52 60 16 44 35 43 25 58 46 12 40 51 11 38 7 31 32 50 9 62 64 21 37 55 30 3 4 13 26 61 19 39 27 53 28 63 8 59 18 22 49 29 47 17 56 10 42 57 45 
13 6 45 1 44 11 19 42 35 50 46 4 47 17 43 24 56 40 23 33 32 9 60 55 36 16 3 63 37 14 38 53 21 7 49 64 30 12 61 59 8 57 18 22 58 31 20 54 26 41 51 52 27 25 2 15 28 10 62 29 48 39 34 5 
46 30 5 40 26 42 1 3 51 13 41 28 16 61 36 33 64 9 22 62 32 45 49 56 34 23 20 27 25 63 12 10 21 35 50 18 43 7 52 54 8 57 44 55 2 58 38 31 4 53 17 60 47 24 14 59 39 19 37 15 48 29 11 6 
21 12 28 32 37 25 50 51 1 24 7 36 34 35 53 49 20 59 52 55 31 22 17 44 2 41 18 64 9 39 42 14 48 19 46 58 27 47 54 60 56 30 61 29 16 38 33 10 8 13 43 26 4 45 57 3 40 11 5 15 6 62 23 63 
13 35 28 42 19 21 26 49 14 9 18 23 29 24 5 47 50 3 6 16 30 27 34 61 45 64 4 31 1 41 25 22 39 62 58 55 11 2 32 44 12 37 40 36 7 52 8 43 38 17 60 33 20 59 63 10 46 51 48 54 56 15 53 57 
13 43 32 36 33 23 42 17 25 46 14 51 1 39 10 5 47 29 12 56 63 6 61 58 64 53 55 9 26 28 3 48 62 49 37 45 52 38 59 44 60 31 35 15 22 21 24 20 18 8 54 57 40 16 30 7 34 2 41 27 50 4 11 19 
12 19 40 61 38 29 60 63 64 36 51 34 9 50 53 41 46 22 48 35 52 44 27 15 6 17 14 30 3 31 62 33 37 5 28 55 32 20 21 4 58 1 43 16 18 47 56 7 13 39 2 45 26 57 10 8 49 59 25 11 42 23 24 54 
4 58 44 12 3 61 13 45 54 34 31 5 60 32 41 7 18 57 46 11 9 14 1 52 26 27 23 51 50 53 48 39 24 62 63 30 55 25 35 59 22 16 6 21 29 64 15 47 36 42 8 28 49 37 17 19 20 33 40 56 10 38 2 43 
21 31 46 32 30 36 52 1 23 53 4 39 40 51 18 13 12 42 20 58 17 3 64 5 54 8 35 7 26 29 19 37 59 57 63 41 45 50 62 34 10 55 14 48 25 60 15 9 27 61 24 6 38 16 43 56 2 44 33 28 47 49 11 22 
18 64 2 53 36 46 22 56 9 49 47 10 24 39 31 7 34 35 43 21 62 54 61 28 55 50 11 38 4 12 51 15 63 48 16 5 37 60 44 30 41 58 40 14 45 59 52 17 27 25 6 33 8 3 32 26 13 20 1 29 57 42 23 19 
38 40 46 23 20 62 29 7 41 2 8 61 47 54 33 42 5 27 55 1 53 45 15 13 35 63 49 28 32 36 11 50 12 57 31 25 44 52 16 17 64 21 43 30 48 6 24 19 39 3 18 4 34 51 10 22 14 37 9 59 58 60 26 56 
50 4 25 20 1 37 14 11 34 17 52 7 23 10 53 27 2 9 6 35 18 5 26 64 15 31 48 57 33 16 59 12 62 44 8 21 22 36 55 24 30 29 60 3 19 42 46 40 56 43 45 28 49 32 61 51 54 63 38 39 58 41 13 47 
26 38 54 24 64 58 36 57 50 56 63 10 48 21 3 42 33 37 18 46 41 32 15 40 47 28 55 22 11 35 49 45 53 16 1 25 60 13 4 17 20 30 9 34 62 19 52 39 12 59 61 6 8 23 44 14 29 2 31 51 7 5 27 43 
48 24 6 50 44 38 13 39 52 2 19 30 55 22 15 28 27 14 32 21 5 9 63 54 45 41 34 7 10 53 31 20 4 8 3 43 23 11 58 47 60 33 42 18 64 40 12 35 37 36 57 46 59 17 1 62 16 56 51 61 25 26 49 29 
15 31 53 62 37 29 25 47 45 57 20 39 64 42 61 50 18 40 16 51 60 21 8 34 52 33 5 43 10 58 6 35 24 41 4 55 30 19 14 46 9 22 2 59 38 12 48 27 26 44 3 7 1 36 49 32 63 23 13 54 11 56 17 28 
62 5 56 36 30 42 64 43 27 59 10 21 44 6 11 24 3 4 1 32 37 7 63 61 33 17 41 55 26 22 57 48 50 52 16 2 39 15 9 12 25 28 40 35 34 29 53 60 49 18 38 45 47 31 58 23 14 13 51 46 54 8 20 19 
37 26 41 24 62 47 27 17 49 7 42 52 35 36 54 39 18 60 22 63 15 8 4 59 9 28 19 14 2 33 10 50 23 29 6 30 44 55 11 53 21 16 57 61 12 58 20 5 3 51 56 64 45 40 48 34 25 13 43 46 32 38 31 1 
42 41 51 58 20 29 43 5 7 57 27 25 35 46 2 6 1 18 53 62 50 24 28 14 19 22 36 39 15 3 21 55 17 34 52 40 64 44 4 48 61 30 49 33 38 11 32 23 13 45 26 56 54 47 9 59 37 8 10 16 12 31 63 60 
20 17 55 14 27 41 59 32 51 62 54 3 48 6 23 52 16 15 31 8 21 26 42 43 63 25 39 64 28 35 44 12 53 13 33 2 24 34 57 38 29 60 1 18 36 46 19 56 61 58 49 30 11 45 47 7 50 40 5 22 10 9 4 37 
21 27 46 58 13 19 36 39 31 53 62 49 8 54 17 57 11 47 22 2 45 26 1 24 12 10 20 51 44 55 32 61 48 15 30 16 42 34 25 60 56 43 18 64 38 41 7 29 4 9 14 37 50 40 28 6 59 52 23 63 33 35 5 3 
54 11 24 51 25 15 58 52 1 22 6 33 63 60 48 53 10 61 16 37 26 64 44 38 5 18 19 9 27 57 42 32 12 30 46 62 28 17 49 8 31 2 39 45 41 14 47 4 35 13 7 34 20 21 56 40 55 3 50 43 36 29 59 23 
63 21 57 42 30 38 29 1 22 28 20 44 17 43 60 18 15 26 25 62 54 51 56 45 12 9 34 8 37 11 24 36 19 32 61 47 58 64 53 59 55 33 41 40 6 5 3 50 39 35 16 4 14 27 49 2 31 23 10 13 48 46 7 52 
20 3 45 43 17 36 12 44 49 4 25 61 55 33 10 27 6 50 28 42 52 40 16 22 48 57 30 58 53 34 35 11 64 9 26 37 38 8 7 29 51 41 14 31 39 23 60 24 63 2 46 1 19 5 15 62 13 54 47 59 32 18 21 56 
36 48 18 20 11 1 53 15 61 38 29 45 46 50 58 51 40 64 16 31 22 3 60 26 39 5 17 9 55 23 35 56 62 33 32 44 4 49 34 10 37 19 59 12 21 14 2 27 28 41 25 57 47 52 43 63 8 6 24 54 13 7 30 42 
13 3 40 54 56 50 15 21 53 30 55 48 44 24 63 39 64 35 29 43 38 37 2 19 10 52 5 62 1 6 17 32 22 26 27 60 9 57 25 31 42 23 46 4 47 61 14 41 59 49 20 51 7 11 8 28 45 58 16 18 33 34 36 12 
1 8 10 2 64 23 3 4 15 9 18 20 49 6 56 21 19 62 43 50 14 35 58 45 17 46 44 32 53 55 37 24 47 16 5 36 41 33 27 54 13 31 11 7 39 29 52 51 42 38 34 30 25 63 61 60 48 22 59 28 57 40 26 12 
30 29 40 52 36 19 14 33 5 32 27 35 8 61 25 64 7 13 39 56 55 37 48 28 22 15 18 4 2 57 21 16 44 60 9 51 1 17 43 23 58 46 63 41 34 24 59 3 54 38 45 53 26 49 20 42 47 6 50 10 11 31 62 12 
40 44 37 54 1 49 47 28 39 14 19 8 42 16 33 7 26 55 45 29 9 38 13 60 64 18 22 57 32 2 62 36 21 10 61 5 4 50 52 56 11 20 46 43 53 59 35 41 27 63 25 58 48 23 3 30 15 51 6 17 12 24 31 34 
26 25 54 35 24 29 55 59 10 40 2 8 53 38 18 9 41 13 15 34 5 51 12 60 31 7 21 20 47 52 43 1 32 56 63 30 44 42 50 27 48 62 64 36 22 49 58 61 17 23 45 16 33 14 28 19 3 46 11 57 37 39 6 4 
25 58 17 61 1 57 60 7 32 3 34 50 49 30 53 55 9 16 22 27 24 2 23 18 62 8 15 43 54 33 46 48 64 31 45 44 41 35 26 39 29 10 4 20 21 37 13 38 52 47 36 40 59 63 51 56 28 6 5 19 11 42 14 12 
32 36 4 15 60 47 25 35 18 14 17 19 28 62 39 63 8 46 12 44 33 7 58 2 22 54 57 45 51 55 21 30 40 56 5 13 20 29 48 53 26 43 34 3 52 11 59 27 41 42 1 37 6 61 16 64 24 10 50 23 31 49 38 9 
22 5 2 8 63 23 11 36 64 20 53 34 49 40 1 54 28 31 9 16 60 43 59 50 33 12 58 41 52 56 30 61 14 24 25 45 26 48 27 37 19 4 18 17 57 3 10 55 32 38 7 46 35 44 29 21 15 62 42 13 6 47 51 39 
16 48 41 13 50 21 63 54 44 57 14 28 4 43 5 42 38 59 29 51 52 19 55 26 47 46 11 12 56 7 24 64 39 30 49 20 34 61 58 10 2 32 6 9 33 15 3 45 25 62 53 17 27 36 22 60 1 8 37 18 31 35 40 23 
50 54 47 2 7 27 45 60 4 11 24 61 28 30 15 36 38 13 5 33 18 40 39 41 3 44 56 37 12 31 9 21 49 23 1 51 52 64 46 29 8 59 57 34 43 32 17 53 6 48 63 58 42 22 26 14 35 10 16 25 55 20 19 62 
26 10 36 27 44 33 38 11 12 45 46 17 14 40 52 63 3 31 42 53 15 25 23 61 50 60 48 43 56 59 18 29 55 7 57 32 54 30 41 5 51 6 16 22 21 2 13 9 8 1 34 39 28 24 19 35 62 20 64 37 58 49 4 47 
56 63 13 32 21 55 4 30 17 39 64 49 33 59 20 62 28 36 9 50 31 2 60 52 42 8 48 58 7 61 24 51 15 46 43 23 5 6 10 16 45 3 37 57 53 14 29 44 35 38 19 18 11 34 27 22 1 25 26 47 12 40 54 41 
62 49 8 15 43 36 14 61 4 51 50 31 9 24 57 18 25 39 7 42 44 3 12 2 11 41 63 26 10 13 33 55 16 17 56 37 22 28 23 48 38 34 47 64 40 29 59 58 35 27 30 60 54 5 46 53 45 32 21 6 52 20 19 1 
18 48 25 38 11 42 21 39 23 10 29 58 8 35 28 36 44 33 47 3 17 2 55 15 19 16 46 1 60 43 4 50 22 7 14 20 30 63 37 61 54 59 51 52 62 45 53 56 41 49 12 31 24 5 6 27 32 40 26 34 9 13 57 64 
48 45 12 27 32 58 31 44 3 41 51 13 64 1 2 47 39 57 36 52 8 55 49 21 6 37 35 24 62 60 10 56 16 5 7 14 54 17 38 9 61 50 59 19 25 46 53 42 33 11 22 18 34 43 63 29 30 28 23 26 15 40 4 20 
44 26 37 62 49 38 29 51 30 12 17 22 42 13 60 2 39 24 32 59 21 34 1 28 45 55 52 27 25 8 14 19 56 10 4 16 6 20 48 46 64 33 3 50 43 7 57 35 9 47 11 5 31 58 54 18 53 41 63 23 36 15 61 40 
63 60 26 19 11 34 42 22 4 55 21 15 27 40 64 5 17 2 39 61 20 16 53 54 47 43 35 13 41 10 31 24 1 23 18 38 7 12 57 14 58 32 3 6 8 51 56 36 29 25 52 59 50 33 48 9 28 37 49 30 44 62 46 45 
48 24 49 11 18 6 5 21 59 12 3 25 2 61 55 13 34 40 39 1 54 44 58 17 46 31 20 47 38 15 60 7 14 23 32 53 26 29 43 41 57 4 35 37 33 62 16 10 9 64 50 22 42 19 30 45 8 28 52 63 51 27 36 56 
37 20 63 17 23 30 50 11 57 59 35 47 39 64 36 18 29 26 49 5 7 6 13 21 24 45 12 10 28 34 44 1 53 14 2 38 16 41 51 4 9 48 40 58 27 55 25 3 54 60 43 19 33 46 62 56 15 22 61 31 32 8 52 42 
22 19 63 34 16 50 44 36 4 64 10 5 14 59 38 12 57 52 53 46 13 39 25 20 27 3 29 1 41 42 7 18 24 23 51 21 2 35 11 30 58 62 26 56 40 55 17 48 33 9 54 45 32 37 61 28 43 49 60 31 47 6 15 8 
17 18 46 21 61 3 20 55 35 57 33 27 37 38 2 26 11 30 16 22 25 32 42 13 6 40 45 59 41 12 52 63 62 7 49 51 50 47 23 53 58 29 15 19 5 60 10 64 43 8 1 28 31 24 4 39 54 34 48 56 36 9 14 44 
47 27 37 5 59 8 16 28 51 2 44 52 46 19 15 20 36 41 31 42 9 57 22 4 32 6 30 7 39 54 3 29 60 1 40 48 23 45 24 64 18 62 43 17 50 13 35 10 56 33 61 26 49 38 63 53 12 25 58 11 55 14 21 34 
49 30 26 53 20 52 44 40 24 22 42 15 31 14 3 46 50 60 19 41 32 59 25 57 23 1 33 8 10 58 29 48 47 34 37 61 54 12 43 18 5 45 16 21 64 38 39 6 27 2 7 55 63 62 51 28 17 36 11 13 9 35 4 56 
61 11 32 26 55 20 53 21 64 37 17 34 41 50 30 10 38 5 42 16 46 24 12 27 29 39 15 51 3 44 58 57 47 62 43 28 18 6 4 23 48 63 54 40 22 33 9 31 7 60 36 14 2 35 49 13 56 8 52 59 25 1 19 45 
46 57 33 53 61 47 50 15 5 6 34 8 45 42 21 26 52 64 13 17 31 51 48 9 10 7 25 37 40 39 49 4 12 38 54 18 16 36 27 1 19 11 59 58 20 55 63 14 43 32 30 28 3 2 29 44 41 60 35 62 56 22 23 24 
22 18 29 33 7 21 28 24 49 6 15 45 35 1 64 30 10 54 36 56 12 58 63 38 27 2 20 43 59 61 57 26 14 46 50 31 41 3 53 9 40 32 52 13 51 48 60 25 34 17 5 42 39 62 16 19 55 11 8 37 47 23 44 4 
21 6 48 63 44 1 13 31 11 29 64 7 5 23 18 33 39 26 2 34 22 62 57 56 61 12 27 24 55 37 8 53 59 41 35 32 38 15 52 17 60 46 47 30 20 28 58 25 40 42 51 54 16 45 10 19 3 50 9 14 4 43 49 36 
16 39 8 14 52 1 37 47 15 42 7 40 53 5 55 12 60 22 4 13 34 18 27 25 64 28 46 20 10 44 17 2 43 19 35 24 49 29 54 30 57 56 26 41 48 45 23 33 58 51 62 21 31 59 50 38 11 36 3 63 32 9 61 6 
42 30 9 61 13 62 22 8 31 20 64 1 55 23 4 27 7 40 63 14 16 25 60 18 49 53 56 21 57 26 36 48 52 24 15 46 3 54 32 35 37 50 45 17 41 47 11 10 33 59 39 51 44 6 58 43 38 19 28 34 29 12 5 2 
49 3 39 36 57 55 52 18 14 34 48 6 15 50 45 37 20 32 47 26 56 60 22 13 41 11 19 64 8 53 16 12 43 42 5 58 7 59 25 35 29 21 17 54 2 44 28 30 1 40 62 9 4 61 27 46 33 51 23 63 10 24 38 31 
27 11 61 23 3 31 1 55 6 28 13 44 58 46 2 20 35 52 57 32 38 29 19 16 18 12 36 34 53 7 41 14 37 60 24 47 50 42 56 25 63 30 15 39 21 49 26 62 33 8 64 40 45 59 9 22 54 48 4 10 5 51 43 17 
24 9 30 18 33 1 28 53 5 49 8 61 12 37 20 19 46 21 54 36 35 50 13 3 43 45 60 10 44 25 42 14 40 56 55 47 16 51 15 63 52 7 38 48 34 32 22 11 57 58 64 2 29 6 4 62 39 31 41 27 23 26 17 59 
62 44 33 63 27 43 49 8 55 7 39 19 57 42 50 52 59 11 46 17 16 9 1 5 20 30 61 45 29 31 4 38 15 21 28 14 13 26 41 34 3 36 64 60 35 56 6 54 37 25 51 22 23 47 12 40 32 10 53 58 2 18 24 48 
19 14 58 10 11 34 40 6 21 47 38 54 9 63 41 1 28 2 39 24 33 22 26 20 12 15 56 55 50 43 36 52 17 62 53 8 42 51 60 44 3 45 48 49 7 27 18 25 29 61 4 5 23 32 57 13 35 30 37 59 31 64 46 16 
