16
11 13 5 3 15 16 14 6 7 2 12 10 9 8 4 1 
15 6 4 16 14 1 8 9 10 11 7 2 3 12 13 5 
9 11 8 2 3 6 15 12 4 5 7 1 16 14 10 13 
16 5 3 12 6 14 8 1 13 7 4 15 9 2 10 11 
16 4 3 10 6 5 15 13 12 14 8 1 7 2 11 9 
16 6 10 9 4 13 1 7 5 12 11 8 15 3 14 2 
11 6 14 13 12 3 4 16 1 2 10 15 5 9 8 7 
11 5 13 8 2 10 9 1 4 16 14 7 15 6 3 12 
1 8 11 6 14 10 15 7 2 12 5 13 3 9 16 4 
2 5 14 6 3 9 8 12 7 1 13 10 11 16 15 4 
6 16 13 15 10 11 4 14 2 1 12 7 9 5 8 3 
7 14 8 1 5 12 10 16 15 2 6 13 9 11 4 3 
2 13 16 8 1 5 14 7 3 11 15 10 9 6 12 4 
9 13 2 16 10 11 1 6 15 5 12 14 3 4 7 8 
16 13 14 4 7 15 5 1 3 8 9 10 11 12 2 6 
9 11 4 15 5 6 2 13 7 16 14 3 1 8 10 12 
2 5 7 8 13 15 4 16 9 6 11 10 3 12 1 14 
1 8 6 3 11 5 7 12 16 14 2 9 13 15 10 4 
2 13 15 12 5 10 4 14 9 16 6 3 7 8 11 1 
6 2 3 1 12 15 13 8 7 5 4 14 9 10 11 16 
6 11 13 15 5 16 2 8 9 12 10 4 3 14 7 1 
12 11 16 7 1 5 4 14 15 6 13 2 10 8 9 3 
8 14 11 15 2 13 5 6 12 7 10 4 1 3 9 16 
10 12 4 15 2 7 8 5 6 1 16 11 9 13 14 3 
8 1 2 14 5 10 11 12 9 15 16 3 7 6 4 13 
4 13 8 12 3 15 5 6 11 7 9 16 14 1 10 2 
2 15 1 10 8 13 11 16 12 9 5 14 3 7 4 6 
9 5 7 11 4 6 15 1 16 3 10 13 12 8 2 14 
13 5 6 1 8 10 11 15 7 4 9 14 3 2 16 12 
8 14 5 9 16 12 3 15 6 4 10 7 1 2 13 11 
6 15 3 2 10 9 8 5 16 14 4 1 11 7 12 13 
8 12 10 6 2 5 7 13 16 4 15 3 1 14 11 9 
